>> X = Matrice(DS)

X =

    1.0000   -0.7394    0.5467   -0.4043
    1.0000   -0.4300    0.1849   -0.0795
    1.0000    0.6646    0.4417    0.2936
    1.0000   -0.7656    0.5862   -0.4488
    1.0000    0.8455    0.7148    0.6044
    1.0000   -0.4061    0.1650   -0.0670
    1.0000   -0.3390    0.1149   -0.0390
    1.0000   -0.3762    0.1415   -0.0532
    1.0000   -0.9771    0.9548   -0.9329
    1.0000    0.8793    0.7732    0.6799

>> y = DS(:,2);
>> y = DS(:,2)

y =

   15.9377
   11.0724
   -7.1603
   13.1018
    2.2356
   15.2842
   11.8922
    8.6139
    8.3209
    3.4082

>> w = inv(X' * X) * X' * y

w =

   -0.4783
  -32.5945
   10.8241
   36.1360